timeraw,date,change,elo,rank
1679965835,"Tuesday, March 28, 2023 3:10 AM",-21,1079,"Gold 2"
1679967071,"Tuesday, March 28, 2023 3:31 AM",-21,1058,"Gold 2"
1679969297,"Tuesday, March 28, 2023 4:08 AM",16,1074,"Gold 2"
1680042829,"Wednesday, March 29, 2023 12:33 AM",-25,1049,"Gold 2"
1680044394,"Wednesday, March 29, 2023 12:59 AM",-13,1036,"Gold 2"
1680145373,"Thursday, March 30, 2023 5:02 AM",-8,1028,"Gold 2"
1680148226,"Thursday, March 30, 2023 5:50 AM",-20,1008,"Gold 2"
1680199386,"Thursday, March 30, 2023 8:03 PM",19,1027,"Gold 2"
1680202798,"Thursday, March 30, 2023 8:59 PM",-18,1009,"Gold 2"
1680204520,"Thursday, March 30, 2023 9:28 PM",14,1023,"Gold 2"
1680206775,"Thursday, March 30, 2023 10:06 PM",-18,1005,"Gold 2"
1680219598,"Friday, March 31, 2023 1:39 AM",-21,1000,"Gold 2"
1680403897,"Sunday, April 2, 2023 4:51 AM",32,1032,"Gold 2"
1680406138,"Sunday, April 2, 2023 5:28 AM",19,1051,"Gold 2"
1680408238,"Sunday, April 2, 2023 6:03 AM",17,1068,"Gold 2"
1680410110,"Sunday, April 2, 2023 6:35 AM",-23,1045,"Gold 2"
1680543126,"Monday, April 3, 2023 7:32 PM",14,1059,"Gold 2"
1680561195,"Tuesday, April 4, 2023 12:33 AM",-23,1036,"Gold 2"
1680574874,"Tuesday, April 4, 2023 4:21 AM",-18,1018,"Gold 2"
1680577948,"Tuesday, April 4, 2023 5:12 AM",17,1035,"Gold 2"
1680661492,"Wednesday, April 5, 2023 4:24 AM",23,1058,"Gold 2"
1680663243,"Wednesday, April 5, 2023 4:54 AM",22,1080,"Gold 2"
1680665689,"Wednesday, April 5, 2023 5:34 AM",-19,1061,"Gold 2"
1680745318,"Thursday, April 6, 2023 3:41 AM",19,1080,"Gold 2"
1680747906,"Thursday, April 6, 2023 4:25 AM",-23,1057,"Gold 2"
1680819364,"Friday, April 7, 2023 12:16 AM",23,1080,"Gold 2"
1680821450,"Friday, April 7, 2023 12:50 AM",14,1094,"Gold 2"
1680912466,"Saturday, April 8, 2023 2:07 AM",-18,1076,"Gold 2"
1680989651,"Saturday, April 8, 2023 11:34 PM",20,1096,"Gold 2"
1680992040,"Sunday, April 9, 2023 12:14 AM",-16,1080,"Gold 2"
1681098217,"Monday, April 10, 2023 5:43 AM",14,1094,"Gold 2"
1681100852,"Monday, April 10, 2023 6:27 AM",-22,1072,"Gold 2"
1681156676,"Monday, April 10, 2023 9:57 PM",15,1087,"Gold 2"
1681159526,"Monday, April 10, 2023 10:45 PM",20,1110,"Gold 3"
1681161582,"Monday, April 10, 2023 11:19 PM",-22,1100,"Gold 3"
1681250233,"Tuesday, April 11, 2023 11:57 PM",-22,1078,"Gold 2"
1681252041,"Wednesday, April 12, 2023 12:27 AM",-21,1057,"Gold 2"
1681369674,"Thursday, April 13, 2023 9:07 AM",12,1069,"Gold 2"
1681372020,"Thursday, April 13, 2023 9:46 AM",27,1096,"Gold 2"
1681373968,"Thursday, April 13, 2023 10:19 AM",13,1110,"Gold 3"
1681441099,"Friday, April 14, 2023 4:58 AM",-15,1100,"Gold 3"
1681595865,"Saturday, April 15, 2023 11:57 PM",-10,1090,"Gold 2"
1681599084,"Sunday, April 16, 2023 12:51 AM",17,1110,"Gold 3"
1681785681,"Tuesday, April 18, 2023 2:41 AM",-20,1100,"Gold 3"
1681885341,"Wednesday, April 19, 2023 6:22 AM",12,1112,"Gold 3"
1681887759,"Wednesday, April 19, 2023 7:02 AM",-23,1100,"Gold 3"
1681889661,"Wednesday, April 19, 2023 7:34 AM",-28,1072,"Gold 2"
1681959228,"Thursday, April 20, 2023 2:53 AM",10,1082,"Gold 2"
1681961839,"Thursday, April 20, 2023 3:37 AM",-12,1070,"Gold 2"
1682053018,"Friday, April 21, 2023 4:56 AM",-9,1061,"Gold 2"
1682055540,"Friday, April 21, 2023 5:39 AM",-23,1038,"Gold 2"
1682057014,"Friday, April 21, 2023 6:03 AM",-22,1016,"Gold 2"
1682094777,"Friday, April 21, 2023 4:32 PM",-23,1000,"Gold 2"
1682097104,"Friday, April 21, 2023 5:11 PM",13,1013,"Gold 2"
1682099343,"Friday, April 21, 2023 5:49 PM",-15,1000,"Gold 2"
1682190605,"Saturday, April 22, 2023 7:10 PM",10,1010,"Gold 2"
1682194323,"Saturday, April 22, 2023 8:12 PM",21,1031,"Gold 2"
1682195587,"Saturday, April 22, 2023 8:33 PM",-21,1010,"Gold 2"
1682197284,"Saturday, April 22, 2023 9:01 PM",22,1032,"Gold 2"
1682278257,"Sunday, April 23, 2023 7:30 PM",11,1043,"Gold 2"
1682454750,"Tuesday, April 25, 2023 8:32 PM",-30,1013,"Gold 2"
1682949110,"Monday, May 1, 2023 1:51 PM",26,1039,"Gold 2"
1682951180,"Monday, May 1, 2023 2:26 PM",18,1057,"Gold 2"
1682954284,"Monday, May 1, 2023 3:18 PM",20,1077,"Gold 2"
1682956039,"Monday, May 1, 2023 3:47 PM",-14,1063,"Gold 2"
1682959466,"Monday, May 1, 2023 4:44 PM",19,1082,"Gold 2"
1682963922,"Monday, May 1, 2023 5:58 PM",11,1093,"Gold 2"
1682968061,"Monday, May 1, 2023 7:07 PM",-25,1068,"Gold 2"
1682970729,"Monday, May 1, 2023 7:52 PM",-16,1052,"Gold 2"
1682972595,"Monday, May 1, 2023 8:23 PM",18,1070,"Gold 2"
1682975165,"Monday, May 1, 2023 9:06 PM",28,1098,"Gold 2"
1682978475,"Monday, May 1, 2023 10:01 PM",-21,1077,"Gold 2"
1683058948,"Tuesday, May 2, 2023 8:22 PM",11,1088,"Gold 2"
1683074300,"Wednesday, May 3, 2023 12:38 AM",13,1110,"Gold 3"
1683076820,"Wednesday, May 3, 2023 1:20 AM",19,1129,"Gold 3"
1683080959,"Wednesday, May 3, 2023 2:29 AM",-28,1101,"Gold 3"
1683166044,"Thursday, May 4, 2023 2:07 AM",21,1122,"Gold 3"
1683243333,"Thursday, May 4, 2023 11:35 PM",17,1139,"Gold 3"
1683246457,"Friday, May 5, 2023 12:27 AM",-12,1127,"Gold 3"
1683293047,"Friday, May 5, 2023 1:24 PM",10,1137,"Gold 3"
1683295485,"Friday, May 5, 2023 2:04 PM",-26,1111,"Gold 3"
1683297483,"Friday, May 5, 2023 2:38 PM",10,1121,"Gold 3"
1683314321,"Friday, May 5, 2023 7:18 PM",10,1131,"Gold 3"
1683316412,"Friday, May 5, 2023 7:53 PM",-28,1103,"Gold 3"
1683318828,"Friday, May 5, 2023 8:33 PM",-21,1100,"Gold 3"
1683582431,"Monday, May 8, 2023 9:47 PM",30,1130,"Gold 3"
1683687511,"Wednesday, May 10, 2023 2:58 AM",-19,1111,"Gold 3"
1683746910,"Wednesday, May 10, 2023 7:28 PM",-21,1100,"Gold 3"
1683762828,"Wednesday, May 10, 2023 11:53 PM",-18,1082,"Gold 2"
1683765281,"Thursday, May 11, 2023 12:34 AM",15,1097,"Gold 2"
1683768451,"Thursday, May 11, 2023 1:27 AM",-16,1081,"Gold 2"
1684175969,"Monday, May 15, 2023 6:39 PM",10,1091,"Gold 2"
1684178535,"Monday, May 15, 2023 7:22 PM",15,1110,"Gold 3"
1684180651,"Monday, May 15, 2023 7:57 PM",-23,1100,"Gold 3"
1684262699,"Tuesday, May 16, 2023 6:44 PM",-23,1077,"Gold 2"
1684364382,"Wednesday, May 17, 2023 10:59 PM",14,1091,"Gold 2"
1684707060,"Sunday, May 21, 2023 10:11 PM",24,1115,"Gold 3"
1684729562,"Monday, May 22, 2023 4:26 AM",10,1125,"Gold 3"
1684957164,"Wednesday, May 24, 2023 7:39 PM",1,1126,"Gold 3"
1684960353,"Wednesday, May 24, 2023 8:32 PM",-29,1100,"Gold 3"
1684964541,"Wednesday, May 24, 2023 9:42 PM",18,1118,"Gold 3"
1684966698,"Wednesday, May 24, 2023 10:18 PM",27,1145,"Gold 3"
1684968799,"Wednesday, May 24, 2023 10:53 PM",10,1155,"Gold 3"
1684971796,"Wednesday, May 24, 2023 11:43 PM",-18,1137,"Gold 3"
1685017871,"Thursday, May 25, 2023 12:31 PM",-18,1119,"Gold 3"
1685020121,"Thursday, May 25, 2023 1:08 PM",18,1137,"Gold 3"
1685021618,"Thursday, May 25, 2023 1:33 PM",20,1157,"Gold 3"
1685023757,"Thursday, May 25, 2023 2:09 PM",-17,1140,"Gold 3"
1685033316,"Thursday, May 25, 2023 4:48 PM",-24,1116,"Gold 3"
1685035369,"Thursday, May 25, 2023 5:22 PM",-21,1100,"Gold 3"
1685037750,"Thursday, May 25, 2023 6:02 PM",-23,1077,"Gold 2"
1685040284,"Thursday, May 25, 2023 6:44 PM",12,1089,"Gold 2"
1685116842,"Friday, May 26, 2023 4:00 PM",-22,1067,"Gold 2"
1685119098,"Friday, May 26, 2023 4:38 PM",18,1085,"Gold 2"
1685121887,"Friday, May 26, 2023 5:24 PM",15,1110,"Gold 3"
1685124189,"Friday, May 26, 2023 6:03 PM",19,1129,"Gold 3"
1685127100,"Friday, May 26, 2023 6:51 PM",15,1144,"Gold 3"
1685147520,"Saturday, May 27, 2023 12:31 AM",14,1158,"Gold 3"
1685149917,"Saturday, May 27, 2023 1:11 AM",15,1173,"Gold 3"
1685152732,"Saturday, May 27, 2023 1:58 AM",16,1189,"Gold 3"
1685158193,"Saturday, May 27, 2023 3:29 AM",19,1210,"Platinum 1"
1685313666,"Sunday, May 28, 2023 10:41 PM",-18,1200,"Platinum 1"
1685316446,"Sunday, May 28, 2023 11:27 PM",21,1221,"Platinum 1"
1685399159,"Monday, May 29, 2023 10:25 PM",28,1249,"Platinum 1"
1685401882,"Monday, May 29, 2023 11:11 PM",-23,1226,"Platinum 1"
1685404164,"Monday, May 29, 2023 11:49 PM",-20,1206,"Platinum 1"
1685406141,"Tuesday, May 30, 2023 12:22 AM",-17,1200,"Platinum 1"
1685410069,"Tuesday, May 30, 2023 1:27 AM",14,1214,"Platinum 1"
1685412329,"Tuesday, May 30, 2023 2:05 AM",-12,1202,"Platinum 1"
1685465155,"Tuesday, May 30, 2023 4:45 PM",18,1220,"Platinum 1"
1685481543,"Tuesday, May 30, 2023 9:19 PM",-22,1200,"Platinum 1"
1685484343,"Tuesday, May 30, 2023 10:05 PM",-28,1172,"Gold 3"
1685544466,"Wednesday, May 31, 2023 2:47 PM",7,1179,"Gold 3"
1685548489,"Wednesday, May 31, 2023 3:54 PM",11,1190,"Gold 3"
1685550933,"Wednesday, May 31, 2023 4:35 PM",-15,1175,"Gold 3"
1685554279,"Wednesday, May 31, 2023 5:31 PM",-27,1148,"Gold 3"
1685557131,"Wednesday, May 31, 2023 6:18 PM",-17,1131,"Gold 3"
1685561266,"Wednesday, May 31, 2023 7:27 PM",18,1149,"Gold 3"
1685564445,"Wednesday, May 31, 2023 8:20 PM",22,1171,"Gold 3"
1685567281,"Wednesday, May 31, 2023 9:08 PM",-22,1149,"Gold 3"