timeraw,date,change,elo,rank
1679853190,"Sunday, March 26, 2023 7:53 PM",17,2017,"Ascendant 3"
1679950149,"Monday, March 27, 2023 10:49 PM",0,2017,"Ascendant 3"
1680136463,"Thursday, March 30, 2023 2:34 AM",-19,2000,"Ascendant 3"
1680195768,"Thursday, March 30, 2023 7:02 PM",17,2017,"Ascendant 3"
1680199994,"Thursday, March 30, 2023 8:13 PM",17,2034,"Ascendant 3"
1680363769,"Saturday, April 1, 2023 5:42 PM",16,2050,"Ascendant 3"
1680384554,"Saturday, April 1, 2023 11:29 PM",17,2067,"Ascendant 3"
1680386740,"Sunday, April 2, 2023 12:05 AM",-23,2044,"Ascendant 3"
1680388657,"Sunday, April 2, 2023 12:37 AM",19,2060,"Ascendant 3"
1680401788,"Sunday, April 2, 2023 4:16 AM",17,2077,"Ascendant 3"
1680449478,"Sunday, April 2, 2023 5:31 PM",-19,2058,"Ascendant 3"
1680465847,"Sunday, April 2, 2023 10:04 PM",17,2075,"Ascendant 3"
1680468351,"Sunday, April 2, 2023 10:45 PM",20,2095,"Ascendant 3"
1680469778,"Sunday, April 2, 2023 11:09 PM",19,2114,"Immortal 1"
1680529827,"Monday, April 3, 2023 3:50 PM",0,2114,"Immortal 1"
1680547201,"Monday, April 3, 2023 8:40 PM",19,2133,"Immortal 1"
1680549029,"Monday, April 3, 2023 9:10 PM",-23,2110,"Immortal 1"
1680623567,"Tuesday, April 4, 2023 5:52 PM",18,2128,"Immortal 1"
1680639281,"Tuesday, April 4, 2023 10:14 PM",20,2148,"Immortal 1"
1680657432,"Wednesday, April 5, 2023 3:17 AM",-21,2127,"Immortal 1"
1680727997,"Wednesday, April 5, 2023 10:53 PM",17,2144,"Immortal 1"
1680824343,"Friday, April 7, 2023 1:39 AM",18,2162,"Immortal 1"
1680828185,"Friday, April 7, 2023 2:43 AM",15,2174,"Immortal 1"
1680893637,"Friday, April 7, 2023 8:53 PM",-19,2155,"Immortal 1"
1681167343,"Tuesday, April 11, 2023 12:55 AM",16,2171,"Immortal 1"
1681169482,"Tuesday, April 11, 2023 1:31 AM",-19,2152,"Immortal 1"
1681214330,"Tuesday, April 11, 2023 1:58 PM",-21,2131,"Immortal 1"
1681506969,"Friday, April 14, 2023 11:16 PM",-17,2114,"Immortal 1"
1681509427,"Friday, April 14, 2023 11:57 PM",-23,2100,"Immortal 1"
1681554512,"Saturday, April 15, 2023 12:28 PM",17,2117,"Immortal 1"
1681642245,"Sunday, April 16, 2023 12:50 PM",19,2136,"Immortal 1"
1681741150,"Monday, April 17, 2023 2:19 PM",-20,2116,"Immortal 1"
1681754249,"Monday, April 17, 2023 5:57 PM",17,2133,"Immortal 1"
1681757010,"Monday, April 17, 2023 6:43 PM",-20,2113,"Immortal 1"
1681799641,"Tuesday, April 18, 2023 6:34 AM",17,2130,"Immortal 1"
1681928907,"Wednesday, April 19, 2023 6:28 PM",-22,2108,"Immortal 1"
1682063334,"Friday, April 21, 2023 7:48 AM",-21,2100,"Immortal 1"
1682077093,"Friday, April 21, 2023 11:38 AM",-19,2081,"Ascendant 3"
1682079070,"Friday, April 21, 2023 12:11 PM",17,2098,"Ascendant 3"
1682081747,"Friday, April 21, 2023 12:55 PM",-22,2076,"Ascendant 3"
1682138604,"Saturday, April 22, 2023 4:43 AM",-16,2060,"Ascendant 3"
1682142732,"Saturday, April 22, 2023 5:52 AM",18,2078,"Ascendant 3"
1682144755,"Saturday, April 22, 2023 6:25 AM",-18,2060,"Ascendant 3"
1682157703,"Saturday, April 22, 2023 10:01 AM",-19,2041,"Ascendant 3"
1682160215,"Saturday, April 22, 2023 10:43 AM",16,2057,"Ascendant 3"
1682181071,"Saturday, April 22, 2023 4:31 PM",17,2074,"Ascendant 3"
1682202173,"Saturday, April 22, 2023 10:22 PM",-20,2054,"Ascendant 3"
1682204255,"Saturday, April 22, 2023 10:57 PM",19,2073,"Ascendant 3"
1682246252,"Sunday, April 23, 2023 10:37 AM",-19,2054,"Ascendant 3"
1682248243,"Sunday, April 23, 2023 11:10 AM",-19,2035,"Ascendant 3"
1682282150,"Sunday, April 23, 2023 8:35 PM",-20,2015,"Ascendant 3"
1682284119,"Sunday, April 23, 2023 9:08 PM",-18,2000,"Ascendant 3"
1682447204,"Tuesday, April 25, 2023 6:26 PM",-18,1982,"Ascendant 2"
1682449388,"Tuesday, April 25, 2023 7:03 PM",-16,1966,"Ascendant 2"
1682459312,"Tuesday, April 25, 2023 9:48 PM",21,1987,"Ascendant 2"
1682515139,"Wednesday, April 26, 2023 1:18 PM",-17,1970,"Ascendant 2"
1682554934,"Thursday, April 27, 2023 12:22 AM",-17,1953,"Ascendant 2"
1682557014,"Thursday, April 27, 2023 12:56 AM",-19,1934,"Ascendant 2"
1682616321,"Thursday, April 27, 2023 5:25 PM",-20,1914,"Ascendant 2"
1682618055,"Thursday, April 27, 2023 5:54 PM",-19,1900,"Ascendant 2"
1682689322,"Friday, April 28, 2023 1:42 PM",-20,1880,"Ascendant 1"
1682808742,"Saturday, April 29, 2023 10:52 PM",15,1895,"Ascendant 1"
1682973497,"Monday, May 1, 2023 8:38 PM",-16,1879,"Ascendant 1"
1683080314,"Wednesday, May 3, 2023 2:18 AM",-20,1859,"Ascendant 1"
1683314043,"Friday, May 5, 2023 7:14 PM",-17,1842,"Ascendant 1"
1683402058,"Saturday, May 6, 2023 7:40 PM",-13,1829,"Ascendant 1"
1683455931,"Sunday, May 7, 2023 10:38 AM",22,1851,"Ascendant 1"
1683457542,"Sunday, May 7, 2023 11:05 AM",21,1872,"Ascendant 1"
1683750479,"Wednesday, May 10, 2023 8:27 PM",18,1890,"Ascendant 1"
1683753126,"Wednesday, May 10, 2023 9:12 PM",-16,1874,"Ascendant 1"
1684289365,"Wednesday, May 17, 2023 2:09 AM",-17,1857,"Ascendant 1"
1684463206,"Friday, May 19, 2023 2:26 AM",-19,1838,"Ascendant 1"
1684930521,"Wednesday, May 24, 2023 12:15 PM",17,1855,"Ascendant 1"
1684932675,"Wednesday, May 24, 2023 12:51 PM",20,1875,"Ascendant 1"
1684935052,"Wednesday, May 24, 2023 1:30 PM",-17,1858,"Ascendant 1"
1684937354,"Wednesday, May 24, 2023 2:09 PM",-19,1839,"Ascendant 1"
1685006280,"Thursday, May 25, 2023 9:18 AM",20,1859,"Ascendant 1"
1685008350,"Thursday, May 25, 2023 9:52 AM",20,1879,"Ascendant 1"
1685086646,"Friday, May 26, 2023 7:37 AM",17,1896,"Ascendant 1"
1685088937,"Friday, May 26, 2023 8:15 AM",18,1914,"Ascendant 2"
1685107037,"Friday, May 26, 2023 1:17 PM",17,1931,"Ascendant 2"
1685109475,"Friday, May 26, 2023 1:57 PM",-19,1912,"Ascendant 2"
1685110972,"Friday, May 26, 2023 2:22 PM",20,1932,"Ascendant 2"
1685582287,"Thursday, June 1, 2023 1:18 AM",-19,1913,"Ascendant 2"
1685584899,"Thursday, June 1, 2023 2:01 AM",18,1931,"Ascendant 2"