timeraw,date,change,elo,rank
1680119314,"Wednesday, March 29, 2023 9:48 PM",-21,1723,"Diamond 3"
1680121342,"Wednesday, March 29, 2023 10:22 PM",20,1743,"Diamond 3"
1680123221,"Wednesday, March 29, 2023 10:53 PM",-23,1720,"Diamond 3"
1680185064,"Thursday, March 30, 2023 4:04 PM",21,1741,"Diamond 3"
1680195768,"Thursday, March 30, 2023 7:02 PM",23,1764,"Diamond 3"
1680199994,"Thursday, March 30, 2023 8:13 PM",20,1784,"Diamond 3"
1680232163,"Friday, March 31, 2023 5:09 AM",17,1810,"Ascendant 1"
1680302113,"Saturday, April 1, 2023 12:35 AM",-18,1800,"Ascendant 1"
1680304807,"Saturday, April 1, 2023 1:20 AM",-23,1777,"Diamond 3"
1680343607,"Saturday, April 1, 2023 12:06 PM",-16,1761,"Diamond 3"
1680345959,"Saturday, April 1, 2023 12:45 PM",20,1781,"Diamond 3"
1680350611,"Saturday, April 1, 2023 2:03 PM",19,1810,"Ascendant 1"
1680363769,"Saturday, April 1, 2023 5:42 PM",20,1830,"Ascendant 1"
1680373595,"Saturday, April 1, 2023 8:26 PM",16,1846,"Ascendant 1"
1680380104,"Saturday, April 1, 2023 10:15 PM",19,1865,"Ascendant 1"
1680384554,"Saturday, April 1, 2023 11:29 PM",17,1882,"Ascendant 1"
1680386740,"Sunday, April 2, 2023 12:05 AM",-25,1857,"Ascendant 1"
1680388657,"Sunday, April 2, 2023 12:37 AM",18,1875,"Ascendant 1"
1680391212,"Sunday, April 2, 2023 1:20 AM",-19,1856,"Ascendant 1"
1680468351,"Sunday, April 2, 2023 10:45 PM",19,1875,"Ascendant 1"
1680469778,"Sunday, April 2, 2023 11:09 PM",20,1895,"Ascendant 1"
1680472366,"Sunday, April 2, 2023 11:52 PM",17,1912,"Ascendant 2"
1680494745,"Monday, April 3, 2023 6:05 AM",15,1927,"Ascendant 2"
1680497399,"Monday, April 3, 2023 6:49 AM",15,1942,"Ascendant 2"
1680501257,"Monday, April 3, 2023 7:54 AM",19,1961,"Ascendant 2"
1680506231,"Monday, April 3, 2023 9:17 AM",-25,1936,"Ascendant 2"
1680508578,"Monday, April 3, 2023 9:56 AM",-20,1916,"Ascendant 2"
1680511102,"Monday, April 3, 2023 10:38 AM",-19,1900,"Ascendant 2"
1680547201,"Monday, April 3, 2023 8:40 PM",18,1918,"Ascendant 2"
1680549029,"Monday, April 3, 2023 9:10 PM",-22,1900,"Ascendant 2"
1680551889,"Monday, April 3, 2023 9:58 PM",-18,1882,"Ascendant 1"
1680554140,"Monday, April 3, 2023 10:35 PM",15,1897,"Ascendant 1"
1680606352,"Tuesday, April 4, 2023 1:05 PM",17,1914,"Ascendant 2"
1680619341,"Tuesday, April 4, 2023 4:42 PM",17,1931,"Ascendant 2"
1680623567,"Tuesday, April 4, 2023 5:52 PM",18,1949,"Ascendant 2"
1680625640,"Tuesday, April 4, 2023 6:27 PM",14,1963,"Ascendant 2"
1680632645,"Tuesday, April 4, 2023 8:24 PM",15,1978,"Ascendant 2"
1680637602,"Tuesday, April 4, 2023 9:46 PM",18,1996,"Ascendant 2"
1680639281,"Tuesday, April 4, 2023 10:14 PM",17,2013,"Ascendant 3"
1680655384,"Wednesday, April 5, 2023 2:43 AM",-20,2000,"Ascendant 3"
1680657432,"Wednesday, April 5, 2023 3:17 AM",-20,1980,"Ascendant 2"
1680744869,"Thursday, April 6, 2023 3:34 AM",-20,1960,"Ascendant 2"
1680760521,"Thursday, April 6, 2023 7:55 AM",-23,1937,"Ascendant 2"
1680773647,"Thursday, April 6, 2023 11:34 AM",-20,1917,"Ascendant 2"
1680776054,"Thursday, April 6, 2023 12:14 PM",19,1936,"Ascendant 2"
1680777896,"Thursday, April 6, 2023 12:44 PM",-21,1915,"Ascendant 2"
1680780412,"Thursday, April 6, 2023 1:26 PM",-19,1900,"Ascendant 2"
1680824343,"Friday, April 7, 2023 1:39 AM",18,1918,"Ascendant 2"
1680828185,"Friday, April 7, 2023 2:43 AM",17,1935,"Ascendant 2"
1680831429,"Friday, April 7, 2023 3:37 AM",-18,1917,"Ascendant 2"
1680838036,"Friday, April 7, 2023 5:27 AM",-14,1903,"Ascendant 2"
1680840995,"Friday, April 7, 2023 6:16 AM",14,1917,"Ascendant 2"
1680893637,"Friday, April 7, 2023 8:53 PM",-16,1901,"Ascendant 2"
1680895843,"Friday, April 7, 2023 9:30 PM",17,1918,"Ascendant 2"
1680911731,"Saturday, April 8, 2023 1:55 AM",12,1930,"Ascendant 2"
1681167343,"Tuesday, April 11, 2023 12:55 AM",18,1948,"Ascendant 2"
1681169482,"Tuesday, April 11, 2023 1:31 AM",-21,1927,"Ascendant 2"
1681238760,"Tuesday, April 11, 2023 8:46 PM",-16,1911,"Ascendant 2"
1681247640,"Tuesday, April 11, 2023 11:14 PM",-22,1900,"Ascendant 2"
1681292702,"Wednesday, April 12, 2023 11:45 AM",19,1919,"Ascendant 2"
1681295140,"Wednesday, April 12, 2023 12:25 PM",17,1936,"Ascendant 2"
1681300781,"Wednesday, April 12, 2023 1:59 PM",-20,1916,"Ascendant 2"
1681303392,"Wednesday, April 12, 2023 2:43 PM",16,1932,"Ascendant 2"
1681306492,"Wednesday, April 12, 2023 3:34 PM",-22,1910,"Ascendant 2"
1681318938,"Wednesday, April 12, 2023 7:02 PM",17,1927,"Ascendant 2"
1681506969,"Friday, April 14, 2023 11:16 PM",-18,1909,"Ascendant 2"
1681509427,"Friday, April 14, 2023 11:57 PM",-19,1900,"Ascendant 2"
1681589578,"Saturday, April 15, 2023 10:12 PM",17,1917,"Ascendant 2"
1681754249,"Monday, April 17, 2023 5:57 PM",16,1933,"Ascendant 2"
1681757010,"Monday, April 17, 2023 6:43 PM",-18,1915,"Ascendant 2"
1681857857,"Tuesday, April 18, 2023 10:44 PM",-22,1900,"Ascendant 2"
1681859569,"Tuesday, April 18, 2023 11:12 PM",17,1917,"Ascendant 2"
1681875420,"Wednesday, April 19, 2023 3:36 AM",22,1939,"Ascendant 2"
1681877612,"Wednesday, April 19, 2023 4:13 AM",-18,1921,"Ascendant 2"
1681920983,"Wednesday, April 19, 2023 4:16 PM",20,1941,"Ascendant 2"
1681922476,"Wednesday, April 19, 2023 4:41 PM",-21,1920,"Ascendant 2"
1681924980,"Wednesday, April 19, 2023 5:22 PM",-21,1900,"Ascendant 2"
1681928907,"Wednesday, April 19, 2023 6:28 PM",-20,1880,"Ascendant 1"
1681930951,"Wednesday, April 19, 2023 7:02 PM",16,1896,"Ascendant 1"
1681948486,"Wednesday, April 19, 2023 11:54 PM",17,1913,"Ascendant 2"
1681951364,"Thursday, April 20, 2023 12:42 AM",16,1929,"Ascendant 2"
1681961774,"Thursday, April 20, 2023 3:36 AM",14,1943,"Ascendant 2"
1681970926,"Thursday, April 20, 2023 6:08 AM",21,1964,"Ascendant 2"
1681972719,"Thursday, April 20, 2023 6:38 AM",-19,1945,"Ascendant 2"
1682014050,"Thursday, April 20, 2023 6:07 PM",-19,1926,"Ascendant 2"
1682077093,"Friday, April 21, 2023 11:38 AM",-19,1907,"Ascendant 2"
1682079070,"Friday, April 21, 2023 12:11 PM",15,1922,"Ascendant 2"
1682081747,"Friday, April 21, 2023 12:55 PM",-20,1902,"Ascendant 2"
1682109768,"Friday, April 21, 2023 8:42 PM",-17,1900,"Ascendant 2"
1682147542,"Saturday, April 22, 2023 7:12 AM",-21,1879,"Ascendant 1"
1682181071,"Saturday, April 22, 2023 4:31 PM",15,1894,"Ascendant 1"
1682202173,"Saturday, April 22, 2023 10:22 PM",-18,1876,"Ascendant 1"
1682204255,"Saturday, April 22, 2023 10:57 PM",20,1896,"Ascendant 1"
1682209029,"Sunday, April 23, 2023 12:17 AM",-15,1881,"Ascendant 1"
1682282150,"Sunday, April 23, 2023 8:35 PM",-16,1865,"Ascendant 1"
1682284119,"Sunday, April 23, 2023 9:08 PM",-17,1848,"Ascendant 1"
1682447204,"Tuesday, April 25, 2023 6:26 PM",-18,1830,"Ascendant 1"
1682449388,"Tuesday, April 25, 2023 7:03 PM",-14,1816,"Ascendant 1"
1682459312,"Tuesday, April 25, 2023 9:48 PM",17,1833,"Ascendant 1"
1682544639,"Wednesday, April 26, 2023 9:30 PM",17,1850,"Ascendant 1"
1682557014,"Thursday, April 27, 2023 12:56 AM",-17,1833,"Ascendant 1"
1682616321,"Thursday, April 27, 2023 5:25 PM",-19,1814,"Ascendant 1"
1682618055,"Thursday, April 27, 2023 5:54 PM",-19,1800,"Ascendant 1"
1682808742,"Saturday, April 29, 2023 10:52 PM",19,1819,"Ascendant 1"
1682971010,"Monday, May 1, 2023 7:56 PM",-21,1800,"Ascendant 1"
1682973497,"Monday, May 1, 2023 8:38 PM",-16,1784,"Diamond 3"
1682976040,"Monday, May 1, 2023 9:20 PM",-17,1767,"Diamond 3"
1683077293,"Wednesday, May 3, 2023 1:28 AM",-16,1751,"Diamond 3"
1683080314,"Wednesday, May 3, 2023 2:18 AM",-19,1732,"Diamond 3"
1683335061,"Saturday, May 6, 2023 1:04 AM",-20,1712,"Diamond 3"
1683390202,"Saturday, May 6, 2023 4:23 PM",19,1731,"Diamond 3"
1683414994,"Saturday, May 6, 2023 11:16 PM",-12,1719,"Diamond 3"
1683455931,"Sunday, May 7, 2023 10:38 AM",20,1739,"Diamond 3"
1683457542,"Sunday, May 7, 2023 11:05 AM",19,1758,"Diamond 3"
1683586040,"Monday, May 8, 2023 10:47 PM",-14,1744,"Diamond 3"
1683750479,"Wednesday, May 10, 2023 8:27 PM",17,1761,"Diamond 3"
1683753126,"Wednesday, May 10, 2023 9:12 PM",-16,1745,"Diamond 3"
1683882396,"Friday, May 12, 2023 9:06 AM",19,1764,"Diamond 3"
1683914269,"Friday, May 12, 2023 5:57 PM",0,1764,"Diamond 3"
1683917346,"Friday, May 12, 2023 6:49 PM",-23,1741,"Diamond 3"
1683918991,"Friday, May 12, 2023 7:16 PM",-15,1726,"Diamond 3"
1683924984,"Friday, May 12, 2023 8:56 PM",-18,1708,"Diamond 3"
1684443131,"Thursday, May 18, 2023 8:52 PM",20,1728,"Diamond 3"
1684455618,"Friday, May 19, 2023 12:20 AM",16,1744,"Diamond 3"
1684460891,"Friday, May 19, 2023 1:48 AM",23,1767,"Diamond 3"
1684463126,"Friday, May 19, 2023 2:25 AM",-15,1752,"Diamond 3"
1684466050,"Friday, May 19, 2023 3:14 AM",14,1766,"Diamond 3"
1684468957,"Friday, May 19, 2023 4:02 AM",-16,1750,"Diamond 3"
1684471058,"Friday, May 19, 2023 4:37 AM",16,1766,"Diamond 3"
1684473333,"Friday, May 19, 2023 5:15 AM",-16,1750,"Diamond 3"
1684475519,"Friday, May 19, 2023 5:51 AM",-18,1732,"Diamond 3"
1684476248,"Friday, May 19, 2023 6:04 AM",-19,1713,"Diamond 3"
1684518520,"Friday, May 19, 2023 5:48 PM",-20,1700,"Diamond 3"
1684527869,"Friday, May 19, 2023 8:24 PM",-23,1677,"Diamond 2"
1684546965,"Saturday, May 20, 2023 1:42 AM",-18,1659,"Diamond 2"
1684578169,"Saturday, May 20, 2023 10:22 AM",0,1659,"Diamond 2"
1684739933,"Monday, May 22, 2023 7:18 AM",-20,1639,"Diamond 2"
1684742445,"Monday, May 22, 2023 8:00 AM",17,1656,"Diamond 2"
1684777093,"Monday, May 22, 2023 5:38 PM",-21,1635,"Diamond 2"
1684779115,"Monday, May 22, 2023 6:11 PM",-14,1621,"Diamond 2"
1684780993,"Monday, May 22, 2023 6:43 PM",23,1644,"Diamond 2"
1684783048,"Monday, May 22, 2023 7:17 PM",-17,1627,"Diamond 2"
1684787715,"Monday, May 22, 2023 8:35 PM",22,1649,"Diamond 2"
1684790057,"Monday, May 22, 2023 9:14 PM",20,1669,"Diamond 2"
1684845641,"Tuesday, May 23, 2023 12:40 PM",17,1686,"Diamond 2"
1684853040,"Tuesday, May 23, 2023 2:44 PM",20,1710,"Diamond 3"
1684855278,"Tuesday, May 23, 2023 3:21 PM",18,1728,"Diamond 3"
1684869521,"Tuesday, May 23, 2023 7:18 PM",18,1746,"Diamond 3"
1684872062,"Tuesday, May 23, 2023 8:01 PM",21,1767,"Diamond 3"
1684873774,"Tuesday, May 23, 2023 8:29 PM",-22,1745,"Diamond 3"
1684886307,"Tuesday, May 23, 2023 11:58 PM",22,1767,"Diamond 3"
1684888496,"Wednesday, May 24, 2023 12:34 AM",17,1784,"Diamond 3"
1684954750,"Wednesday, May 24, 2023 6:59 PM",-19,1765,"Diamond 3"
1684957705,"Wednesday, May 24, 2023 7:48 PM",21,1786,"Diamond 3"
1685003689,"Thursday, May 25, 2023 8:34 AM",-17,1769,"Diamond 3"
1685006280,"Thursday, May 25, 2023 9:18 AM",18,1787,"Diamond 3"
1685008350,"Thursday, May 25, 2023 9:52 AM",14,1810,"Ascendant 1"
1685421737,"Tuesday, May 30, 2023 4:42 AM",17,1827,"Ascendant 1"
1685434997,"Tuesday, May 30, 2023 8:23 AM",16,1843,"Ascendant 1"
1685470222,"Tuesday, May 30, 2023 6:10 PM",-20,1823,"Ascendant 1"
1685481025,"Tuesday, May 30, 2023 9:10 PM",-13,1810,"Ascendant 1"
1685483760,"Tuesday, May 30, 2023 9:56 PM",-20,1800,"Ascendant 1"
1685520453,"Wednesday, May 31, 2023 8:07 AM",22,1822,"Ascendant 1"
1685521967,"Wednesday, May 31, 2023 8:32 AM",18,1840,"Ascendant 1"
1685571105,"Wednesday, May 31, 2023 10:11 PM",-21,1819,"Ascendant 1"
1685582287,"Thursday, June 1, 2023 1:18 AM",-16,1803,"Ascendant 1"